16 985
0 0
101 13
101 12
102 14
99 7
102 12
102 7
98 12
100 7
98 13
98 14
101 12
102 7
102 5
102 6
98 5
0 99 99 102 98 101 100 101 102 99 102 99 100 101 98 98
101 0 100 101 102 98 100 100 99 102 100 98 98 102 98 101
98 100 0 101 98 98 98 99 99 98 101 101 101 101 98 102
99 100 100 0 98 100 100 98 101 98 99 99 98 98 98 101
101 99 102 99 0 101 102 99 99 101 101 98 101 101 99 98
100 102 100 98 99 0 99 101 102 102 98 98 99 99 101 100
98 102 100 100 101 98 0 98 98 99 102 99 98 102 100 100
102 101 99 102 101 102 99 0 101 99 99 100 99 102 99 99
99 102 99 101 101 102 98 101 0 98 98 98 98 102 100 99
101 100 101 102 101 100 102 99 98 0 99 99 101 102 102 102
98 100 99 99 98 98 100 101 101 99 0 98 98 99 100 100
102 102 99 98 100 99 101 100 102 102 99 0 102 98 98 101
100 100 98 98 102 98 101 98 100 100 99 98 0 98 101 102
100 98 99 100 100 98 101 98 101 98 101 102 98 0 102 101
101 102 98 102 98 98 98 98 100 101 100 101 102 101 0 101
101 102 98 102 102 98 100 102 98 101 98 99 98 101 102 0
