17 1426
0 0
100 2
100 1
100 2
100 3
100 1
100 1
100 3
100 1
100 2
100 3
100 1
100 3
100 1
100 1
100 1
100 2
0 101 98 99 98 102 101 98 102 98 99 102 98 102 102 101 98
99 0 98 102 99 100 101 99 102 98 102 100 102 99 98 102 102
99 100 0 98 102 98 102 98 102 99 101 102 101 100 101 102 101
100 100 99 0 99 99 98 102 100 102 101 100 101 100 102 98 98
102 101 99 100 0 99 101 101 98 98 102 102 100 100 100 102 101
102 101 98 98 100 0 101 98 98 100 102 101 100 101 100 98 101
100 99 102 98 101 98 0 99 100 99 99 101 101 101 98 99 101
101 102 100 99 101 102 100 0 101 100 101 99 99 98 99 99 99
99 98 101 102 99 100 100 98 0 99 101 102 100 102 102 100 99
102 102 98 101 102 101 101 101 101 0 98 101 101 98 99 98 99
101 99 98 100 102 98 98 98 102 99 0 102 98 100 102 98 98
99 102 101 99 100 100 102 100 101 98 98 0 101 101 101 101 100
98 99 98 100 100 101 99 102 98 99 102 100 0 99 102 98 102
100 98 100 102 100 99 100 99 102 102 102 100 99 0 102 99 99
101 99 99 102 101 100 98 98 100 101 100 99 102 100 0 101 100
100 98 99 98 99 101 99 100 99 101 102 102 98 101 100 0 98
98 101 99 101 99 101 100 98 101 101 101 98 99 99 99 98 0
