22 2000
0 0
302 70
34 28
890 57
26 48
103 55
38 53
263 53
60 41
571 67
905 63
140 51
492 55
989 90
12 57
90 85
466 56
332 49
272 30
910 55
176 80
48 45
0 121 182 161 220 212 152 85 141 227 290 115 76 248 143 153 143 109 175 94 291 89
119 0 0 134 110 72 186 270 0 0 182 0 123 85 113 108 209 133 79 205 174 121
131 195 0 177 235 0 0 78 134 123 176 0 83 0 99 0 237 272 80 93 293 112
238 234 177 0 237 0 0 170 0 141 0 81 228 138 85 0 188 261 169 70 110 294
171 0 294 83 0 0 241 279 0 190 0 90 222 213 0 105 90 203 0 158 0 209
122 149 264 172 99 0 0 163 181 252 87 120 284 100 112 111 108 290 208 0 113 149
98 253 204 132 145 266 0 291 243 150 189 215 292 182 183 134 162 0 180 106 229 165
273 228 0 235 0 237 114 0 75 204 0 0 0 0 0 219 0 89 99 192 260 271
138 246 223 195 149 260 230 185 0 0 172 0 182 73 299 247 281 169 109 187 0 0
164 149 0 193 192 0 108 0 103 0 0 272 228 207 204 262 78 0 139 234 297 114
237 103 0 213 70 211 175 286 199 113 0 297 170 147 0 169 77 243 272 110 225 0
211 253 296 0 0 244 0 286 205 97 161 0 235 0 258 231 218 0 148 192 156 0
130 0 0 248 152 160 0 81 209 0 79 88 0 224 0 99 297 0 70 127 229 0
239 0 248 162 259 278 0 0 173 175 86 290 213 0 271 250 114 192 0 0 263 0
112 0 262 135 92 137 242 0 264 270 93 134 297 265 0 157 215 0 132 94 150 215
108 0 286 0 0 263 116 137 153 258 0 163 0 263 83 0 0 84 137 241 196 121
170 209 152 260 79 79 161 130 291 229 168 251 127 159 206 76 0 145 0 208 80 0
150 0 166 159 184 184 270 0 124 145 83 0 242 116 0 155 255 0 167 274 229 116
129 150 165 158 0 0 216 0 155 0 108 290 0 282 296 120 0 252 0 284 279 90
82 224 115 84 295 0 190 205 85 0 176 158 288 0 121 90 0 78 286 0 120 0
261 0 0 70 0 204 93 156 231 247 246 105 104 0 0 201 140 219 234 224 0 0
266 234 147 264 162 133 0 193 0 76 215 0 220 255 248 155 111 146 0 206 144 0
